data;

param num_elementos := 60;

param num_grupos := 6;

param limite_inf :=
	1 8
	2 9
	3 7
	4 10
	5 8
	6 8
;

param limite_sup :=
	1 13
	2 14
	3 13
	4 10
	5 13
	6 12
;

param D :=
	1 1 0
	1 2 95
	1 3 51
	1 4 67
	1 5 67
	1 6 52
	1 7 31
	1 8 100
	1 9 79
	1 10 67
	1 11 8
	1 12 47
	1 13 13
	1 14 56
	1 15 75
	1 16 97
	1 17 38
	1 18 33
	1 19 40
	1 20 0
	1 21 29
	1 22 40
	1 23 3
	1 24 95
	1 25 47
	1 26 20
	1 27 13
	1 28 82
	1 29 8
	1 30 65
	1 31 4
	1 32 24
	1 33 80
	1 34 8
	1 35 81
	1 36 59
	1 37 91
	1 38 82
	1 39 77
	1 40 94
	1 41 77
	1 42 51
	1 43 67
	1 44 25
	1 45 56
	1 46 61
	1 47 53
	1 48 79
	1 49 97
	1 50 3
	1 51 80
	1 52 74
	1 53 72
	1 54 24
	1 55 87
	1 56 34
	1 57 41
	1 58 93
	1 59 46
	1 60 73
	2 1 95
	2 2 0
	2 3 78
	2 4 51
	2 5 49
	2 6 88
	2 7 32
	2 8 75
	2 9 37
	2 10 13
	2 11 34
	2 12 59
	2 13 40
	2 14 80
	2 15 60
	2 16 4
	2 17 33
	2 18 70
	2 19 50
	2 20 7
	2 21 72
	2 22 79
	2 23 28
	2 24 58
	2 25 43
	2 26 7
	2 27 2
	2 28 100
	2 29 76
	2 30 10
	2 31 97
	2 32 33
	2 33 84
	2 34 71
	2 35 22
	2 36 5
	2 37 64
	2 38 90
	2 39 33
	2 40 59
	2 41 84
	2 42 69
	2 43 30
	2 44 88
	2 45 29
	2 46 34
	2 47 91
	2 48 98
	2 49 73
	2 50 27
	2 51 37
	2 52 49
	2 53 48
	2 54 52
	2 55 24
	2 56 3
	2 57 63
	2 58 0
	2 59 99
	2 60 27
	3 1 51
	3 2 78
	3 3 0
	3 4 48
	3 5 83
	3 6 35
	3 7 67
	3 8 7
	3 9 19
	3 10 72
	3 11 60
	3 12 96
	3 13 13
	3 14 97
	3 15 44
	3 16 0
	3 17 64
	3 18 58
	3 19 54
	3 20 24
	3 21 20
	3 22 99
	3 23 62
	3 24 5
	3 25 76
	3 26 93
	3 27 62
	3 28 31
	3 29 10
	3 30 39
	3 31 6
	3 32 24
	3 33 53
	3 34 73
	3 35 62
	3 36 68
	3 37 35
	3 38 6
	3 39 7
	3 40 86
	3 41 59
	3 42 2
	3 43 22
	3 44 63
	3 45 37
	3 46 46
	3 47 81
	3 48 46
	3 49 11
	3 50 90
	3 51 35
	3 52 93
	3 53 64
	3 54 38
	3 55 1
	3 56 46
	3 57 28
	3 58 95
	3 59 38
	3 60 20
	4 1 67
	4 2 51
	4 3 48
	4 4 0
	4 5 46
	4 6 79
	4 7 1
	4 8 77
	4 9 27
	4 10 21
	4 11 1
	4 12 81
	4 13 61
	4 14 36
	4 15 6
	4 16 31
	4 17 22
	4 18 56
	4 19 39
	4 20 97
	4 21 98
	4 22 5
	4 23 80
	4 24 24
	4 25 26
	4 26 22
	4 27 61
	4 28 30
	4 29 19
	4 30 24
	4 31 39
	4 32 76
	4 33 42
	4 34 38
	4 35 46
	4 36 26
	4 37 87
	4 38 83
	4 39 81
	4 40 49
	4 41 19
	4 42 19
	4 43 63
	4 44 21
	4 45 43
	4 46 35
	4 47 99
	4 48 17
	4 49 32
	4 50 63
	4 51 31
	4 52 62
	4 53 76
	4 54 31
	4 55 0
	4 56 1
	4 57 56
	4 58 33
	4 59 34
	4 60 67
	5 1 67
	5 2 49
	5 3 83
	5 4 46
	5 5 0
	5 6 47
	5 7 73
	5 8 1
	5 9 36
	5 10 70
	5 11 79
	5 12 100
	5 13 73
	5 14 85
	5 15 8
	5 16 34
	5 17 2
	5 18 27
	5 19 91
	5 20 14
	5 21 18
	5 22 17
	5 23 74
	5 24 0
	5 25 41
	5 26 25
	5 27 84
	5 28 15
	5 29 21
	5 30 42
	5 31 22
	5 32 91
	5 33 0
	5 34 65
	5 35 4
	5 36 83
	5 37 61
	5 38 11
	5 39 8
	5 40 92
	5 41 47
	5 42 20
	5 43 89
	5 44 68
	5 45 40
	5 46 100
	5 47 26
	5 48 25
	5 49 93
	5 50 63
	5 51 77
	5 52 11
	5 53 6
	5 54 14
	5 55 88
	5 56 85
	5 57 1
	5 58 84
	5 59 95
	5 60 72
	6 1 52
	6 2 88
	6 3 35
	6 4 79
	6 5 47
	6 6 0
	6 7 98
	6 8 45
	6 9 45
	6 10 50
	6 11 18
	6 12 87
	6 13 94
	6 14 38
	6 15 32
	6 16 66
	6 17 58
	6 18 42
	6 19 57
	6 20 26
	6 21 8
	6 22 26
	6 23 79
	6 24 10
	6 25 70
	6 26 27
	6 27 3
	6 28 29
	6 29 77
	6 30 70
	6 31 71
	6 32 1
	6 33 14
	6 34 85
	6 35 70
	6 36 28
	6 37 50
	6 38 32
	6 39 64
	6 40 39
	6 41 59
	6 42 42
	6 43 42
	6 44 100
	6 45 67
	6 46 77
	6 47 7
	6 48 85
	6 49 69
	6 50 29
	6 51 10
	6 52 49
	6 53 10
	6 54 41
	6 55 3
	6 56 28
	6 57 33
	6 58 23
	6 59 9
	6 60 72
	7 1 31
	7 2 32
	7 3 67
	7 4 1
	7 5 73
	7 6 98
	7 7 0
	7 8 42
	7 9 44
	7 10 67
	7 11 82
	7 12 25
	7 13 21
	7 14 34
	7 15 79
	7 16 62
	7 17 2
	7 18 36
	7 19 53
	7 20 29
	7 21 4
	7 22 54
	7 23 40
	7 24 56
	7 25 49
	7 26 10
	7 27 20
	7 28 76
	7 29 53
	7 30 51
	7 31 98
	7 32 94
	7 33 37
	7 34 85
	7 35 41
	7 36 99
	7 37 1
	7 38 25
	7 39 26
	7 40 54
	7 41 1
	7 42 34
	7 43 57
	7 44 94
	7 45 97
	7 46 3
	7 47 10
	7 48 16
	7 49 55
	7 50 62
	7 51 93
	7 52 9
	7 53 33
	7 54 85
	7 55 63
	7 56 49
	7 57 74
	7 58 0
	7 59 69
	7 60 39
	8 1 100
	8 2 75
	8 3 7
	8 4 77
	8 5 1
	8 6 45
	8 7 42
	8 8 0
	8 9 88
	8 10 7
	8 11 84
	8 12 88
	8 13 63
	8 14 23
	8 15 16
	8 16 96
	8 17 14
	8 18 78
	8 19 80
	8 20 49
	8 21 43
	8 22 91
	8 23 5
	8 24 57
	8 25 36
	8 26 26
	8 27 48
	8 28 84
	8 29 13
	8 30 47
	8 31 52
	8 32 40
	8 33 36
	8 34 76
	8 35 80
	8 36 90
	8 37 98
	8 38 14
	8 39 65
	8 40 20
	8 41 64
	8 42 13
	8 43 56
	8 44 56
	8 45 67
	8 46 95
	8 47 72
	8 48 39
	8 49 68
	8 50 34
	8 51 62
	8 52 95
	8 53 10
	8 54 86
	8 55 7
	8 56 45
	8 57 32
	8 58 90
	8 59 59
	8 60 23
	9 1 79
	9 2 37
	9 3 19
	9 4 27
	9 5 36
	9 6 45
	9 7 44
	9 8 88
	9 9 0
	9 10 39
	9 11 2
	9 12 98
	9 13 48
	9 14 97
	9 15 55
	9 16 12
	9 17 46
	9 18 3
	9 19 26
	9 20 82
	9 21 96
	9 22 48
	9 23 50
	9 24 100
	9 25 74
	9 26 14
	9 27 1
	9 28 43
	9 29 92
	9 30 71
	9 31 82
	9 32 39
	9 33 22
	9 34 46
	9 35 68
	9 36 37
	9 37 3
	9 38 68
	9 39 10
	9 40 38
	9 41 83
	9 42 11
	9 43 40
	9 44 91
	9 45 71
	9 46 64
	9 47 30
	9 48 55
	9 49 72
	9 50 28
	9 51 17
	9 52 26
	9 53 18
	9 54 2
	9 55 78
	9 56 88
	9 57 71
	9 58 12
	9 59 28
	9 60 14
	10 1 67
	10 2 13
	10 3 72
	10 4 21
	10 5 70
	10 6 50
	10 7 67
	10 8 7
	10 9 39
	10 10 0
	10 11 67
	10 12 85
	10 13 31
	10 14 50
	10 15 96
	10 16 43
	10 17 41
	10 18 73
	10 19 21
	10 20 16
	10 21 0
	10 22 70
	10 23 31
	10 24 15
	10 25 15
	10 26 14
	10 27 8
	10 28 97
	10 29 88
	10 30 46
	10 31 84
	10 32 59
	10 33 91
	10 34 52
	10 35 5
	10 36 55
	10 37 0
	10 38 1
	10 39 91
	10 40 29
	10 41 46
	10 42 15
	10 43 2
	10 44 67
	10 45 12
	10 46 12
	10 47 76
	10 48 73
	10 49 8
	10 50 45
	10 51 44
	10 52 80
	10 53 29
	10 54 15
	10 55 16
	10 56 82
	10 57 21
	10 58 6
	10 59 68
	10 60 28
	11 1 8
	11 2 34
	11 3 60
	11 4 1
	11 5 79
	11 6 18
	11 7 82
	11 8 84
	11 9 2
	11 10 67
	11 11 0
	11 12 86
	11 13 57
	11 14 41
	11 15 37
	11 16 27
	11 17 15
	11 18 48
	11 19 62
	11 20 86
	11 21 90
	11 22 99
	11 23 44
	11 24 51
	11 25 45
	11 26 64
	11 27 73
	11 28 48
	11 29 22
	11 30 26
	11 31 74
	11 32 68
	11 33 31
	11 34 36
	11 35 72
	11 36 21
	11 37 35
	11 38 86
	11 39 39
	11 40 29
	11 41 99
	11 42 0
	11 43 51
	11 44 74
	11 45 59
	11 46 75
	11 47 12
	11 48 58
	11 49 23
	11 50 74
	11 51 52
	11 52 9
	11 53 6
	11 54 92
	11 55 75
	11 56 43
	11 57 28
	11 58 89
	11 59 67
	11 60 97
	12 1 47
	12 2 59
	12 3 96
	12 4 81
	12 5 100
	12 6 87
	12 7 25
	12 8 88
	12 9 98
	12 10 85
	12 11 86
	12 12 0
	12 13 3
	12 14 12
	12 15 18
	12 16 91
	12 17 25
	12 18 55
	12 19 76
	12 20 88
	12 21 41
	12 22 39
	12 23 85
	12 24 45
	12 25 97
	12 26 34
	12 27 58
	12 28 82
	12 29 27
	12 30 77
	12 31 67
	12 32 75
	12 33 34
	12 34 71
	12 35 49
	12 36 93
	12 37 56
	12 38 77
	12 39 6
	12 40 49
	12 41 70
	12 42 93
	12 43 49
	12 44 36
	12 45 87
	12 46 69
	12 47 74
	12 48 94
	12 49 17
	12 50 38
	12 51 44
	12 52 64
	12 53 54
	12 54 40
	12 55 98
	12 56 86
	12 57 25
	12 58 3
	12 59 5
	12 60 32
	13 1 13
	13 2 40
	13 3 13
	13 4 61
	13 5 73
	13 6 94
	13 7 21
	13 8 63
	13 9 48
	13 10 31
	13 11 57
	13 12 3
	13 13 0
	13 14 6
	13 15 87
	13 16 24
	13 17 62
	13 18 65
	13 19 35
	13 20 52
	13 21 6
	13 22 77
	13 23 87
	13 24 35
	13 25 48
	13 26 3
	13 27 54
	13 28 52
	13 29 82
	13 30 27
	13 31 68
	13 32 3
	13 33 58
	13 34 82
	13 35 9
	13 36 73
	13 37 33
	13 38 89
	13 39 23
	13 40 75
	13 41 26
	13 42 56
	13 43 29
	13 44 27
	13 45 90
	13 46 31
	13 47 95
	13 48 30
	13 49 27
	13 50 4
	13 51 100
	13 52 94
	13 53 19
	13 54 33
	13 55 4
	13 56 41
	13 57 12
	13 58 78
	13 59 56
	13 60 98
	14 1 56
	14 2 80
	14 3 97
	14 4 36
	14 5 85
	14 6 38
	14 7 34
	14 8 23
	14 9 97
	14 10 50
	14 11 41
	14 12 12
	14 13 6
	14 14 0
	14 15 49
	14 16 28
	14 17 87
	14 18 37
	14 19 37
	14 20 43
	14 21 97
	14 22 53
	14 23 7
	14 24 72
	14 25 36
	14 26 6
	14 27 12
	14 28 32
	14 29 3
	14 30 7
	14 31 70
	14 32 85
	14 33 8
	14 34 46
	14 35 24
	14 36 50
	14 37 93
	14 38 56
	14 39 91
	14 40 16
	14 41 17
	14 42 13
	14 43 77
	14 44 30
	14 45 72
	14 46 54
	14 47 12
	14 48 93
	14 49 5
	14 50 44
	14 51 84
	14 52 85
	14 53 0
	14 54 62
	14 55 53
	14 56 30
	14 57 68
	14 58 9
	14 59 70
	14 60 69
	15 1 75
	15 2 60
	15 3 44
	15 4 6
	15 5 8
	15 6 32
	15 7 79
	15 8 16
	15 9 55
	15 10 96
	15 11 37
	15 12 18
	15 13 87
	15 14 49
	15 15 0
	15 16 57
	15 17 71
	15 18 78
	15 19 14
	15 20 41
	15 21 54
	15 22 4
	15 23 24
	15 24 50
	15 25 56
	15 26 4
	15 27 87
	15 28 17
	15 29 70
	15 30 57
	15 31 99
	15 32 17
	15 33 19
	15 34 49
	15 35 91
	15 36 13
	15 37 37
	15 38 63
	15 39 36
	15 40 67
	15 41 66
	15 42 64
	15 43 40
	15 44 46
	15 45 32
	15 46 17
	15 47 62
	15 48 1
	15 49 99
	15 50 75
	15 51 38
	15 52 67
	15 53 75
	15 54 60
	15 55 53
	15 56 55
	15 57 2
	15 58 11
	15 59 53
	15 60 98
	16 1 97
	16 2 4
	16 3 0
	16 4 31
	16 5 34
	16 6 66
	16 7 62
	16 8 96
	16 9 12
	16 10 43
	16 11 27
	16 12 91
	16 13 24
	16 14 28
	16 15 57
	16 16 0
	16 17 96
	16 18 9
	16 19 26
	16 20 35
	16 21 98
	16 22 2
	16 23 90
	16 24 33
	16 25 89
	16 26 53
	16 27 32
	16 28 24
	16 29 30
	16 30 34
	16 31 46
	16 32 32
	16 33 85
	16 34 36
	16 35 64
	16 36 80
	16 37 27
	16 38 19
	16 39 93
	16 40 83
	16 41 22
	16 42 3
	16 43 45
	16 44 56
	16 45 49
	16 46 80
	16 47 35
	16 48 91
	16 49 4
	16 50 93
	16 51 69
	16 52 83
	16 53 49
	16 54 73
	16 55 87
	16 56 67
	16 57 2
	16 58 97
	16 59 85
	16 60 56
	17 1 38
	17 2 33
	17 3 64
	17 4 22
	17 5 2
	17 6 58
	17 7 2
	17 8 14
	17 9 46
	17 10 41
	17 11 15
	17 12 25
	17 13 62
	17 14 87
	17 15 71
	17 16 96
	17 17 0
	17 18 68
	17 19 62
	17 20 42
	17 21 2
	17 22 7
	17 23 80
	17 24 63
	17 25 30
	17 26 71
	17 27 91
	17 28 93
	17 29 84
	17 30 44
	17 31 66
	17 32 78
	17 33 90
	17 34 78
	17 35 30
	17 36 19
	17 37 75
	17 38 34
	17 39 72
	17 40 25
	17 41 61
	17 42 55
	17 43 94
	17 44 84
	17 45 50
	17 46 3
	17 47 74
	17 48 97
	17 49 89
	17 50 72
	17 51 18
	17 52 90
	17 53 1
	17 54 98
	17 55 16
	17 56 84
	17 57 93
	17 58 67
	17 59 14
	17 60 33
	18 1 33
	18 2 70
	18 3 58
	18 4 56
	18 5 27
	18 6 42
	18 7 36
	18 8 78
	18 9 3
	18 10 73
	18 11 48
	18 12 55
	18 13 65
	18 14 37
	18 15 78
	18 16 9
	18 17 68
	18 18 0
	18 19 9
	18 20 0
	18 21 96
	18 22 45
	18 23 74
	18 24 61
	18 25 34
	18 26 6
	18 27 23
	18 28 46
	18 29 27
	18 30 39
	18 31 68
	18 32 94
	18 33 23
	18 34 62
	18 35 95
	18 36 18
	18 37 97
	18 38 56
	18 39 100
	18 40 48
	18 41 64
	18 42 34
	18 43 20
	18 44 38
	18 45 28
	18 46 37
	18 47 21
	18 48 74
	18 49 57
	18 50 79
	18 51 35
	18 52 27
	18 53 14
	18 54 10
	18 55 49
	18 56 75
	18 57 28
	18 58 16
	18 59 16
	18 60 67
	19 1 40
	19 2 50
	19 3 54
	19 4 39
	19 5 91
	19 6 57
	19 7 53
	19 8 80
	19 9 26
	19 10 21
	19 11 62
	19 12 76
	19 13 35
	19 14 37
	19 15 14
	19 16 26
	19 17 62
	19 18 9
	19 19 0
	19 20 84
	19 21 90
	19 22 29
	19 23 66
	19 24 7
	19 25 28
	19 26 49
	19 27 27
	19 28 82
	19 29 66
	19 30 39
	19 31 63
	19 32 78
	19 33 81
	19 34 35
	19 35 59
	19 36 87
	19 37 97
	19 38 52
	19 39 23
	19 40 77
	19 41 51
	19 42 4
	19 43 63
	19 44 41
	19 45 94
	19 46 12
	19 47 64
	19 48 5
	19 49 18
	19 50 97
	19 51 40
	19 52 54
	19 53 59
	19 54 28
	19 55 29
	19 56 12
	19 57 28
	19 58 69
	19 59 24
	19 60 22
	20 1 0
	20 2 7
	20 3 24
	20 4 97
	20 5 14
	20 6 26
	20 7 29
	20 8 49
	20 9 82
	20 10 16
	20 11 86
	20 12 88
	20 13 52
	20 14 43
	20 15 41
	20 16 35
	20 17 42
	20 18 0
	20 19 84
	20 20 0
	20 21 91
	20 22 56
	20 23 92
	20 24 41
	20 25 52
	20 26 47
	20 27 64
	20 28 15
	20 29 62
	20 30 98
	20 31 92
	20 32 40
	20 33 79
	20 34 62
	20 35 41
	20 36 66
	20 37 57
	20 38 70
	20 39 55
	20 40 14
	20 41 81
	20 42 26
	20 43 13
	20 44 21
	20 45 80
	20 46 2
	20 47 49
	20 48 26
	20 49 3
	20 50 47
	20 51 5
	20 52 98
	20 53 74
	20 54 21
	20 55 87
	20 56 45
	20 57 55
	20 58 46
	20 59 45
	20 60 99
	21 1 29
	21 2 72
	21 3 20
	21 4 98
	21 5 18
	21 6 8
	21 7 4
	21 8 43
	21 9 96
	21 10 0
	21 11 90
	21 12 41
	21 13 6
	21 14 97
	21 15 54
	21 16 98
	21 17 2
	21 18 96
	21 19 90
	21 20 91
	21 21 0
	21 22 47
	21 23 35
	21 24 35
	21 25 35
	21 26 75
	21 27 7
	21 28 1
	21 29 100
	21 30 33
	21 31 20
	21 32 52
	21 33 98
	21 34 86
	21 35 80
	21 36 66
	21 37 34
	21 38 97
	21 39 47
	21 40 56
	21 41 6
	21 42 75
	21 43 13
	21 44 32
	21 45 18
	21 46 40
	21 47 87
	21 48 13
	21 49 100
	21 50 40
	21 51 4
	21 52 50
	21 53 76
	21 54 22
	21 55 58
	21 56 65
	21 57 19
	21 58 6
	21 59 13
	21 60 72
	22 1 40
	22 2 79
	22 3 99
	22 4 5
	22 5 17
	22 6 26
	22 7 54
	22 8 91
	22 9 48
	22 10 70
	22 11 99
	22 12 39
	22 13 77
	22 14 53
	22 15 4
	22 16 2
	22 17 7
	22 18 45
	22 19 29
	22 20 56
	22 21 47
	22 22 0
	22 23 36
	22 24 13
	22 25 17
	22 26 24
	22 27 12
	22 28 98
	22 29 79
	22 30 44
	22 31 26
	22 32 47
	22 33 45
	22 34 65
	22 35 25
	22 36 10
	22 37 36
	22 38 93
	22 39 79
	22 40 60
	22 41 63
	22 42 60
	22 43 12
	22 44 70
	22 45 69
	22 46 93
	22 47 45
	22 48 45
	22 49 82
	22 50 92
	22 51 16
	22 52 100
	22 53 61
	22 54 33
	22 55 26
	22 56 69
	22 57 68
	22 58 99
	22 59 54
	22 60 18
	23 1 3
	23 2 28
	23 3 62
	23 4 80
	23 5 74
	23 6 79
	23 7 40
	23 8 5
	23 9 50
	23 10 31
	23 11 44
	23 12 85
	23 13 87
	23 14 7
	23 15 24
	23 16 90
	23 17 80
	23 18 74
	23 19 66
	23 20 92
	23 21 35
	23 22 36
	23 23 0
	23 24 95
	23 25 72
	23 26 4
	23 27 80
	23 28 46
	23 29 48
	23 30 58
	23 31 14
	23 32 18
	23 33 3
	23 34 1
	23 35 7
	23 36 43
	23 37 98
	23 38 3
	23 39 73
	23 40 13
	23 41 39
	23 42 56
	23 43 15
	23 44 21
	23 45 14
	23 46 32
	23 47 0
	23 48 2
	23 49 58
	23 50 61
	23 51 89
	23 52 0
	23 53 80
	23 54 94
	23 55 47
	23 56 85
	23 57 63
	23 58 40
	23 59 62
	23 60 98
	24 1 95
	24 2 58
	24 3 5
	24 4 24
	24 5 0
	24 6 10
	24 7 56
	24 8 57
	24 9 100
	24 10 15
	24 11 51
	24 12 45
	24 13 35
	24 14 72
	24 15 50
	24 16 33
	24 17 63
	24 18 61
	24 19 7
	24 20 41
	24 21 35
	24 22 13
	24 23 95
	24 24 0
	24 25 83
	24 26 70
	24 27 66
	24 28 64
	24 29 9
	24 30 67
	24 31 46
	24 32 44
	24 33 6
	24 34 15
	24 35 10
	24 36 53
	24 37 96
	24 38 10
	24 39 12
	24 40 8
	24 41 66
	24 42 47
	24 43 32
	24 44 21
	24 45 63
	24 46 33
	24 47 64
	24 48 17
	24 49 81
	24 50 23
	24 51 44
	24 52 10
	24 53 79
	24 54 43
	24 55 61
	24 56 92
	24 57 20
	24 58 56
	24 59 50
	24 60 46
	25 1 47
	25 2 43
	25 3 76
	25 4 26
	25 5 41
	25 6 70
	25 7 49
	25 8 36
	25 9 74
	25 10 15
	25 11 45
	25 12 97
	25 13 48
	25 14 36
	25 15 56
	25 16 89
	25 17 30
	25 18 34
	25 19 28
	25 20 52
	25 21 35
	25 22 17
	25 23 72
	25 24 83
	25 25 0
	25 26 55
	25 27 63
	25 28 5
	25 29 94
	25 30 53
	25 31 27
	25 32 99
	25 33 90
	25 34 16
	25 35 20
	25 36 35
	25 37 62
	25 38 86
	25 39 50
	25 40 84
	25 41 6
	25 42 34
	25 43 15
	25 44 26
	25 45 68
	25 46 4
	25 47 41
	25 48 7
	25 49 9
	25 50 88
	25 51 1
	25 52 50
	25 53 40
	25 54 25
	25 55 33
	25 56 7
	25 57 1
	25 58 58
	25 59 52
	25 60 84
	26 1 20
	26 2 7
	26 3 93
	26 4 22
	26 5 25
	26 6 27
	26 7 10
	26 8 26
	26 9 14
	26 10 14
	26 11 64
	26 12 34
	26 13 3
	26 14 6
	26 15 4
	26 16 53
	26 17 71
	26 18 6
	26 19 49
	26 20 47
	26 21 75
	26 22 24
	26 23 4
	26 24 70
	26 25 55
	26 26 0
	26 27 99
	26 28 100
	26 29 4
	26 30 42
	26 31 17
	26 32 57
	26 33 8
	26 34 11
	26 35 98
	26 36 70
	26 37 96
	26 38 57
	26 39 62
	26 40 39
	26 41 5
	26 42 75
	26 43 18
	26 44 49
	26 45 18
	26 46 21
	26 47 25
	26 48 3
	26 49 63
	26 50 44
	26 51 21
	26 52 33
	26 53 85
	26 54 69
	26 55 68
	26 56 16
	26 57 32
	26 58 45
	26 59 92
	26 60 32
	27 1 13
	27 2 2
	27 3 62
	27 4 61
	27 5 84
	27 6 3
	27 7 20
	27 8 48
	27 9 1
	27 10 8
	27 11 73
	27 12 58
	27 13 54
	27 14 12
	27 15 87
	27 16 32
	27 17 91
	27 18 23
	27 19 27
	27 20 64
	27 21 7
	27 22 12
	27 23 80
	27 24 66
	27 25 63
	27 26 99
	27 27 0
	27 28 52
	27 29 48
	27 30 92
	27 31 79
	27 32 27
	27 33 53
	27 34 73
	27 35 18
	27 36 69
	27 37 80
	27 38 1
	27 39 99
	27 40 28
	27 41 78
	27 42 69
	27 43 22
	27 44 34
	27 45 47
	27 46 20
	27 47 22
	27 48 63
	27 49 2
	27 50 22
	27 51 17
	27 52 5
	27 53 76
	27 54 8
	27 55 26
	27 56 3
	27 57 46
	27 58 1
	27 59 57
	27 60 89
	28 1 82
	28 2 100
	28 3 31
	28 4 30
	28 5 15
	28 6 29
	28 7 76
	28 8 84
	28 9 43
	28 10 97
	28 11 48
	28 12 82
	28 13 52
	28 14 32
	28 15 17
	28 16 24
	28 17 93
	28 18 46
	28 19 82
	28 20 15
	28 21 1
	28 22 98
	28 23 46
	28 24 64
	28 25 5
	28 26 100
	28 27 52
	28 28 0
	28 29 30
	28 30 58
	28 31 65
	28 32 90
	28 33 9
	28 34 25
	28 35 35
	28 36 62
	28 37 5
	28 38 100
	28 39 31
	28 40 41
	28 41 4
	28 42 65
	28 43 6
	28 44 65
	28 45 84
	28 46 10
	28 47 9
	28 48 53
	28 49 29
	28 50 64
	28 51 75
	28 52 53
	28 53 26
	28 54 16
	28 55 54
	28 56 38
	28 57 79
	28 58 91
	28 59 39
	28 60 73
	29 1 8
	29 2 76
	29 3 10
	29 4 19
	29 5 21
	29 6 77
	29 7 53
	29 8 13
	29 9 92
	29 10 88
	29 11 22
	29 12 27
	29 13 82
	29 14 3
	29 15 70
	29 16 30
	29 17 84
	29 18 27
	29 19 66
	29 20 62
	29 21 100
	29 22 79
	29 23 48
	29 24 9
	29 25 94
	29 26 4
	29 27 48
	29 28 30
	29 29 0
	29 30 90
	29 31 88
	29 32 24
	29 33 24
	29 34 27
	29 35 76
	29 36 76
	29 37 2
	29 38 19
	29 39 45
	29 40 5
	29 41 54
	29 42 0
	29 43 70
	29 44 83
	29 45 99
	29 46 77
	29 47 57
	29 48 50
	29 49 39
	29 50 1
	29 51 9
	29 52 49
	29 53 34
	29 54 68
	29 55 79
	29 56 93
	29 57 53
	29 58 88
	29 59 55
	29 60 59
	30 1 65
	30 2 10
	30 3 39
	30 4 24
	30 5 42
	30 6 70
	30 7 51
	30 8 47
	30 9 71
	30 10 46
	30 11 26
	30 12 77
	30 13 27
	30 14 7
	30 15 57
	30 16 34
	30 17 44
	30 18 39
	30 19 39
	30 20 98
	30 21 33
	30 22 44
	30 23 58
	30 24 67
	30 25 53
	30 26 42
	30 27 92
	30 28 58
	30 29 90
	30 30 0
	30 31 86
	30 32 48
	30 33 89
	30 34 29
	30 35 31
	30 36 60
	30 37 43
	30 38 61
	30 39 25
	30 40 0
	30 41 7
	30 42 6
	30 43 21
	30 44 49
	30 45 77
	30 46 93
	30 47 43
	30 48 99
	30 49 74
	30 50 15
	30 51 26
	30 52 28
	30 53 56
	30 54 77
	30 55 1
	30 56 19
	30 57 7
	30 58 44
	30 59 51
	30 60 33
	31 1 4
	31 2 97
	31 3 6
	31 4 39
	31 5 22
	31 6 71
	31 7 98
	31 8 52
	31 9 82
	31 10 84
	31 11 74
	31 12 67
	31 13 68
	31 14 70
	31 15 99
	31 16 46
	31 17 66
	31 18 68
	31 19 63
	31 20 92
	31 21 20
	31 22 26
	31 23 14
	31 24 46
	31 25 27
	31 26 17
	31 27 79
	31 28 65
	31 29 88
	31 30 86
	31 31 0
	31 32 59
	31 33 97
	31 34 49
	31 35 26
	31 36 98
	31 37 96
	31 38 72
	31 39 97
	31 40 73
	31 41 66
	31 42 59
	31 43 74
	31 44 66
	31 45 81
	31 46 95
	31 47 54
	31 48 99
	31 49 99
	31 50 0
	31 51 97
	31 52 62
	31 53 57
	31 54 41
	31 55 42
	31 56 56
	31 57 39
	31 58 14
	31 59 33
	31 60 31
	32 1 24
	32 2 33
	32 3 24
	32 4 76
	32 5 91
	32 6 1
	32 7 94
	32 8 40
	32 9 39
	32 10 59
	32 11 68
	32 12 75
	32 13 3
	32 14 85
	32 15 17
	32 16 32
	32 17 78
	32 18 94
	32 19 78
	32 20 40
	32 21 52
	32 22 47
	32 23 18
	32 24 44
	32 25 99
	32 26 57
	32 27 27
	32 28 90
	32 29 24
	32 30 48
	32 31 59
	32 32 0
	32 33 76
	32 34 71
	32 35 94
	32 36 95
	32 37 35
	32 38 82
	32 39 10
	32 40 93
	32 41 41
	32 42 88
	32 43 84
	32 44 79
	32 45 41
	32 46 90
	32 47 73
	32 48 30
	32 49 54
	32 50 31
	32 51 3
	32 52 65
	32 53 43
	32 54 54
	32 55 95
	32 56 23
	32 57 58
	32 58 17
	32 59 22
	32 60 41
	33 1 80
	33 2 84
	33 3 53
	33 4 42
	33 5 0
	33 6 14
	33 7 37
	33 8 36
	33 9 22
	33 10 91
	33 11 31
	33 12 34
	33 13 58
	33 14 8
	33 15 19
	33 16 85
	33 17 90
	33 18 23
	33 19 81
	33 20 79
	33 21 98
	33 22 45
	33 23 3
	33 24 6
	33 25 90
	33 26 8
	33 27 53
	33 28 9
	33 29 24
	33 30 89
	33 31 97
	33 32 76
	33 33 0
	33 34 59
	33 35 86
	33 36 60
	33 37 5
	33 38 45
	33 39 94
	33 40 45
	33 41 13
	33 42 36
	33 43 18
	33 44 32
	33 45 5
	33 46 27
	33 47 88
	33 48 71
	33 49 13
	33 50 48
	33 51 44
	33 52 12
	33 53 58
	33 54 32
	33 55 99
	33 56 50
	33 57 12
	33 58 12
	33 59 22
	33 60 92
	34 1 8
	34 2 71
	34 3 73
	34 4 38
	34 5 65
	34 6 85
	34 7 85
	34 8 76
	34 9 46
	34 10 52
	34 11 36
	34 12 71
	34 13 82
	34 14 46
	34 15 49
	34 16 36
	34 17 78
	34 18 62
	34 19 35
	34 20 62
	34 21 86
	34 22 65
	34 23 1
	34 24 15
	34 25 16
	34 26 11
	34 27 73
	34 28 25
	34 29 27
	34 30 29
	34 31 49
	34 32 71
	34 33 59
	34 34 0
	34 35 70
	34 36 6
	34 37 5
	34 38 10
	34 39 77
	34 40 84
	34 41 79
	34 42 17
	34 43 67
	34 44 91
	34 45 4
	34 46 86
	34 47 84
	34 48 60
	34 49 1
	34 50 100
	34 51 87
	34 52 55
	34 53 99
	34 54 36
	34 55 71
	34 56 55
	34 57 48
	34 58 67
	34 59 18
	34 60 77
	35 1 81
	35 2 22
	35 3 62
	35 4 46
	35 5 4
	35 6 70
	35 7 41
	35 8 80
	35 9 68
	35 10 5
	35 11 72
	35 12 49
	35 13 9
	35 14 24
	35 15 91
	35 16 64
	35 17 30
	35 18 95
	35 19 59
	35 20 41
	35 21 80
	35 22 25
	35 23 7
	35 24 10
	35 25 20
	35 26 98
	35 27 18
	35 28 35
	35 29 76
	35 30 31
	35 31 26
	35 32 94
	35 33 86
	35 34 70
	35 35 0
	35 36 79
	35 37 88
	35 38 0
	35 39 30
	35 40 41
	35 41 75
	35 42 45
	35 43 57
	35 44 3
	35 45 95
	35 46 32
	35 47 14
	35 48 30
	35 49 63
	35 50 1
	35 51 95
	35 52 70
	35 53 72
	35 54 13
	35 55 20
	35 56 37
	35 57 33
	35 58 82
	35 59 68
	35 60 86
	36 1 59
	36 2 5
	36 3 68
	36 4 26
	36 5 83
	36 6 28
	36 7 99
	36 8 90
	36 9 37
	36 10 55
	36 11 21
	36 12 93
	36 13 73
	36 14 50
	36 15 13
	36 16 80
	36 17 19
	36 18 18
	36 19 87
	36 20 66
	36 21 66
	36 22 10
	36 23 43
	36 24 53
	36 25 35
	36 26 70
	36 27 69
	36 28 62
	36 29 76
	36 30 60
	36 31 98
	36 32 95
	36 33 60
	36 34 6
	36 35 79
	36 36 0
	36 37 46
	36 38 48
	36 39 11
	36 40 63
	36 41 47
	36 42 90
	36 43 55
	36 44 96
	36 45 26
	36 46 52
	36 47 87
	36 48 35
	36 49 0
	36 50 13
	36 51 16
	36 52 47
	36 53 89
	36 54 34
	36 55 69
	36 56 0
	36 57 1
	36 58 73
	36 59 50
	36 60 3
	37 1 91
	37 2 64
	37 3 35
	37 4 87
	37 5 61
	37 6 50
	37 7 1
	37 8 98
	37 9 3
	37 10 0
	37 11 35
	37 12 56
	37 13 33
	37 14 93
	37 15 37
	37 16 27
	37 17 75
	37 18 97
	37 19 97
	37 20 57
	37 21 34
	37 22 36
	37 23 98
	37 24 96
	37 25 62
	37 26 96
	37 27 80
	37 28 5
	37 29 2
	37 30 43
	37 31 96
	37 32 35
	37 33 5
	37 34 5
	37 35 88
	37 36 46
	37 37 0
	37 38 20
	37 39 74
	37 40 91
	37 41 83
	37 42 44
	37 43 88
	37 44 6
	37 45 28
	37 46 97
	37 47 26
	37 48 54
	37 49 77
	37 50 28
	37 51 49
	37 52 73
	37 53 3
	37 54 74
	37 55 3
	37 56 0
	37 57 11
	37 58 90
	37 59 17
	37 60 24
	38 1 82
	38 2 90
	38 3 6
	38 4 83
	38 5 11
	38 6 32
	38 7 25
	38 8 14
	38 9 68
	38 10 1
	38 11 86
	38 12 77
	38 13 89
	38 14 56
	38 15 63
	38 16 19
	38 17 34
	38 18 56
	38 19 52
	38 20 70
	38 21 97
	38 22 93
	38 23 3
	38 24 10
	38 25 86
	38 26 57
	38 27 1
	38 28 100
	38 29 19
	38 30 61
	38 31 72
	38 32 82
	38 33 45
	38 34 10
	38 35 0
	38 36 48
	38 37 20
	38 38 0
	38 39 89
	38 40 7
	38 41 37
	38 42 77
	38 43 32
	38 44 66
	38 45 58
	38 46 24
	38 47 20
	38 48 74
	38 49 84
	38 50 79
	38 51 44
	38 52 94
	38 53 85
	38 54 10
	38 55 42
	38 56 77
	38 57 91
	38 58 62
	38 59 69
	38 60 15
	39 1 77
	39 2 33
	39 3 7
	39 4 81
	39 5 8
	39 6 64
	39 7 26
	39 8 65
	39 9 10
	39 10 91
	39 11 39
	39 12 6
	39 13 23
	39 14 91
	39 15 36
	39 16 93
	39 17 72
	39 18 100
	39 19 23
	39 20 55
	39 21 47
	39 22 79
	39 23 73
	39 24 12
	39 25 50
	39 26 62
	39 27 99
	39 28 31
	39 29 45
	39 30 25
	39 31 97
	39 32 10
	39 33 94
	39 34 77
	39 35 30
	39 36 11
	39 37 74
	39 38 89
	39 39 0
	39 40 81
	39 41 50
	39 42 41
	39 43 14
	39 44 98
	39 45 16
	39 46 89
	39 47 61
	39 48 38
	39 49 48
	39 50 35
	39 51 46
	39 52 55
	39 53 69
	39 54 7
	39 55 31
	39 56 71
	39 57 66
	39 58 71
	39 59 81
	39 60 56
	40 1 94
	40 2 59
	40 3 86
	40 4 49
	40 5 92
	40 6 39
	40 7 54
	40 8 20
	40 9 38
	40 10 29
	40 11 29
	40 12 49
	40 13 75
	40 14 16
	40 15 67
	40 16 83
	40 17 25
	40 18 48
	40 19 77
	40 20 14
	40 21 56
	40 22 60
	40 23 13
	40 24 8
	40 25 84
	40 26 39
	40 27 28
	40 28 41
	40 29 5
	40 30 0
	40 31 73
	40 32 93
	40 33 45
	40 34 84
	40 35 41
	40 36 63
	40 37 91
	40 38 7
	40 39 81
	40 40 0
	40 41 48
	40 42 30
	40 43 35
	40 44 21
	40 45 6
	40 46 53
	40 47 24
	40 48 65
	40 49 66
	40 50 55
	40 51 98
	40 52 16
	40 53 70
	40 54 42
	40 55 60
	40 56 49
	40 57 35
	40 58 5
	40 59 2
	40 60 37
	41 1 77
	41 2 84
	41 3 59
	41 4 19
	41 5 47
	41 6 59
	41 7 1
	41 8 64
	41 9 83
	41 10 46
	41 11 99
	41 12 70
	41 13 26
	41 14 17
	41 15 66
	41 16 22
	41 17 61
	41 18 64
	41 19 51
	41 20 81
	41 21 6
	41 22 63
	41 23 39
	41 24 66
	41 25 6
	41 26 5
	41 27 78
	41 28 4
	41 29 54
	41 30 7
	41 31 66
	41 32 41
	41 33 13
	41 34 79
	41 35 75
	41 36 47
	41 37 83
	41 38 37
	41 39 50
	41 40 48
	41 41 0
	41 42 9
	41 43 77
	41 44 12
	41 45 64
	41 46 96
	41 47 25
	41 48 4
	41 49 100
	41 50 40
	41 51 72
	41 52 50
	41 53 54
	41 54 11
	41 55 83
	41 56 10
	41 57 64
	41 58 35
	41 59 47
	41 60 70
	42 1 51
	42 2 69
	42 3 2
	42 4 19
	42 5 20
	42 6 42
	42 7 34
	42 8 13
	42 9 11
	42 10 15
	42 11 0
	42 12 93
	42 13 56
	42 14 13
	42 15 64
	42 16 3
	42 17 55
	42 18 34
	42 19 4
	42 20 26
	42 21 75
	42 22 60
	42 23 56
	42 24 47
	42 25 34
	42 26 75
	42 27 69
	42 28 65
	42 29 0
	42 30 6
	42 31 59
	42 32 88
	42 33 36
	42 34 17
	42 35 45
	42 36 90
	42 37 44
	42 38 77
	42 39 41
	42 40 30
	42 41 9
	42 42 0
	42 43 86
	42 44 48
	42 45 47
	42 46 3
	42 47 26
	42 48 80
	42 49 42
	42 50 67
	42 51 9
	42 52 73
	42 53 7
	42 54 57
	42 55 55
	42 56 65
	42 57 34
	42 58 33
	42 59 73
	42 60 77
	43 1 67
	43 2 30
	43 3 22
	43 4 63
	43 5 89
	43 6 42
	43 7 57
	43 8 56
	43 9 40
	43 10 2
	43 11 51
	43 12 49
	43 13 29
	43 14 77
	43 15 40
	43 16 45
	43 17 94
	43 18 20
	43 19 63
	43 20 13
	43 21 13
	43 22 12
	43 23 15
	43 24 32
	43 25 15
	43 26 18
	43 27 22
	43 28 6
	43 29 70
	43 30 21
	43 31 74
	43 32 84
	43 33 18
	43 34 67
	43 35 57
	43 36 55
	43 37 88
	43 38 32
	43 39 14
	43 40 35
	43 41 77
	43 42 86
	43 43 0
	43 44 66
	43 45 76
	43 46 65
	43 47 40
	43 48 76
	43 49 21
	43 50 96
	43 51 34
	43 52 37
	43 53 18
	43 54 47
	43 55 72
	43 56 13
	43 57 67
	43 58 24
	43 59 95
	43 60 66
	44 1 25
	44 2 88
	44 3 63
	44 4 21
	44 5 68
	44 6 100
	44 7 94
	44 8 56
	44 9 91
	44 10 67
	44 11 74
	44 12 36
	44 13 27
	44 14 30
	44 15 46
	44 16 56
	44 17 84
	44 18 38
	44 19 41
	44 20 21
	44 21 32
	44 22 70
	44 23 21
	44 24 21
	44 25 26
	44 26 49
	44 27 34
	44 28 65
	44 29 83
	44 30 49
	44 31 66
	44 32 79
	44 33 32
	44 34 91
	44 35 3
	44 36 96
	44 37 6
	44 38 66
	44 39 98
	44 40 21
	44 41 12
	44 42 48
	44 43 66
	44 44 0
	44 45 48
	44 46 40
	44 47 58
	44 48 86
	44 49 48
	44 50 82
	44 51 66
	44 52 67
	44 53 9
	44 54 21
	44 55 35
	44 56 72
	44 57 51
	44 58 64
	44 59 43
	44 60 7
	45 1 56
	45 2 29
	45 3 37
	45 4 43
	45 5 40
	45 6 67
	45 7 97
	45 8 67
	45 9 71
	45 10 12
	45 11 59
	45 12 87
	45 13 90
	45 14 72
	45 15 32
	45 16 49
	45 17 50
	45 18 28
	45 19 94
	45 20 80
	45 21 18
	45 22 69
	45 23 14
	45 24 63
	45 25 68
	45 26 18
	45 27 47
	45 28 84
	45 29 99
	45 30 77
	45 31 81
	45 32 41
	45 33 5
	45 34 4
	45 35 95
	45 36 26
	45 37 28
	45 38 58
	45 39 16
	45 40 6
	45 41 64
	45 42 47
	45 43 76
	45 44 48
	45 45 0
	45 46 82
	45 47 20
	45 48 27
	45 49 9
	45 50 99
	45 51 69
	45 52 81
	45 53 49
	45 54 87
	45 55 79
	45 56 50
	45 57 88
	45 58 81
	45 59 49
	45 60 3
	46 1 61
	46 2 34
	46 3 46
	46 4 35
	46 5 100
	46 6 77
	46 7 3
	46 8 95
	46 9 64
	46 10 12
	46 11 75
	46 12 69
	46 13 31
	46 14 54
	46 15 17
	46 16 80
	46 17 3
	46 18 37
	46 19 12
	46 20 2
	46 21 40
	46 22 93
	46 23 32
	46 24 33
	46 25 4
	46 26 21
	46 27 20
	46 28 10
	46 29 77
	46 30 93
	46 31 95
	46 32 90
	46 33 27
	46 34 86
	46 35 32
	46 36 52
	46 37 97
	46 38 24
	46 39 89
	46 40 53
	46 41 96
	46 42 3
	46 43 65
	46 44 40
	46 45 82
	46 46 0
	46 47 17
	46 48 8
	46 49 61
	46 50 74
	46 51 81
	46 52 4
	46 53 96
	46 54 63
	46 55 58
	46 56 20
	46 57 1
	46 58 9
	46 59 27
	46 60 88
	47 1 53
	47 2 91
	47 3 81
	47 4 99
	47 5 26
	47 6 7
	47 7 10
	47 8 72
	47 9 30
	47 10 76
	47 11 12
	47 12 74
	47 13 95
	47 14 12
	47 15 62
	47 16 35
	47 17 74
	47 18 21
	47 19 64
	47 20 49
	47 21 87
	47 22 45
	47 23 0
	47 24 64
	47 25 41
	47 26 25
	47 27 22
	47 28 9
	47 29 57
	47 30 43
	47 31 54
	47 32 73
	47 33 88
	47 34 84
	47 35 14
	47 36 87
	47 37 26
	47 38 20
	47 39 61
	47 40 24
	47 41 25
	47 42 26
	47 43 40
	47 44 58
	47 45 20
	47 46 17
	47 47 0
	47 48 98
	47 49 50
	47 50 38
	47 51 70
	47 52 78
	47 53 46
	47 54 19
	47 55 45
	47 56 34
	47 57 1
	47 58 95
	47 59 60
	47 60 79
	48 1 79
	48 2 98
	48 3 46
	48 4 17
	48 5 25
	48 6 85
	48 7 16
	48 8 39
	48 9 55
	48 10 73
	48 11 58
	48 12 94
	48 13 30
	48 14 93
	48 15 1
	48 16 91
	48 17 97
	48 18 74
	48 19 5
	48 20 26
	48 21 13
	48 22 45
	48 23 2
	48 24 17
	48 25 7
	48 26 3
	48 27 63
	48 28 53
	48 29 50
	48 30 99
	48 31 99
	48 32 30
	48 33 71
	48 34 60
	48 35 30
	48 36 35
	48 37 54
	48 38 74
	48 39 38
	48 40 65
	48 41 4
	48 42 80
	48 43 76
	48 44 86
	48 45 27
	48 46 8
	48 47 98
	48 48 0
	48 49 44
	48 50 94
	48 51 29
	48 52 63
	48 53 46
	48 54 37
	48 55 64
	48 56 31
	48 57 42
	48 58 33
	48 59 0
	48 60 71
	49 1 97
	49 2 73
	49 3 11
	49 4 32
	49 5 93
	49 6 69
	49 7 55
	49 8 68
	49 9 72
	49 10 8
	49 11 23
	49 12 17
	49 13 27
	49 14 5
	49 15 99
	49 16 4
	49 17 89
	49 18 57
	49 19 18
	49 20 3
	49 21 100
	49 22 82
	49 23 58
	49 24 81
	49 25 9
	49 26 63
	49 27 2
	49 28 29
	49 29 39
	49 30 74
	49 31 99
	49 32 54
	49 33 13
	49 34 1
	49 35 63
	49 36 0
	49 37 77
	49 38 84
	49 39 48
	49 40 66
	49 41 100
	49 42 42
	49 43 21
	49 44 48
	49 45 9
	49 46 61
	49 47 50
	49 48 44
	49 49 0
	49 50 26
	49 51 30
	49 52 94
	49 53 14
	49 54 83
	49 55 36
	49 56 41
	49 57 58
	49 58 8
	49 59 85
	49 60 26
	50 1 3
	50 2 27
	50 3 90
	50 4 63
	50 5 63
	50 6 29
	50 7 62
	50 8 34
	50 9 28
	50 10 45
	50 11 74
	50 12 38
	50 13 4
	50 14 44
	50 15 75
	50 16 93
	50 17 72
	50 18 79
	50 19 97
	50 20 47
	50 21 40
	50 22 92
	50 23 61
	50 24 23
	50 25 88
	50 26 44
	50 27 22
	50 28 64
	50 29 1
	50 30 15
	50 31 0
	50 32 31
	50 33 48
	50 34 100
	50 35 1
	50 36 13
	50 37 28
	50 38 79
	50 39 35
	50 40 55
	50 41 40
	50 42 67
	50 43 96
	50 44 82
	50 45 99
	50 46 74
	50 47 38
	50 48 94
	50 49 26
	50 50 0
	50 51 77
	50 52 5
	50 53 43
	50 54 69
	50 55 38
	50 56 62
	50 57 97
	50 58 9
	50 59 81
	50 60 57
	51 1 80
	51 2 37
	51 3 35
	51 4 31
	51 5 77
	51 6 10
	51 7 93
	51 8 62
	51 9 17
	51 10 44
	51 11 52
	51 12 44
	51 13 100
	51 14 84
	51 15 38
	51 16 69
	51 17 18
	51 18 35
	51 19 40
	51 20 5
	51 21 4
	51 22 16
	51 23 89
	51 24 44
	51 25 1
	51 26 21
	51 27 17
	51 28 75
	51 29 9
	51 30 26
	51 31 97
	51 32 3
	51 33 44
	51 34 87
	51 35 95
	51 36 16
	51 37 49
	51 38 44
	51 39 46
	51 40 98
	51 41 72
	51 42 9
	51 43 34
	51 44 66
	51 45 69
	51 46 81
	51 47 70
	51 48 29
	51 49 30
	51 50 77
	51 51 0
	51 52 18
	51 53 19
	51 54 59
	51 55 51
	51 56 63
	51 57 22
	51 58 63
	51 59 1
	51 60 23
	52 1 74
	52 2 49
	52 3 93
	52 4 62
	52 5 11
	52 6 49
	52 7 9
	52 8 95
	52 9 26
	52 10 80
	52 11 9
	52 12 64
	52 13 94
	52 14 85
	52 15 67
	52 16 83
	52 17 90
	52 18 27
	52 19 54
	52 20 98
	52 21 50
	52 22 100
	52 23 0
	52 24 10
	52 25 50
	52 26 33
	52 27 5
	52 28 53
	52 29 49
	52 30 28
	52 31 62
	52 32 65
	52 33 12
	52 34 55
	52 35 70
	52 36 47
	52 37 73
	52 38 94
	52 39 55
	52 40 16
	52 41 50
	52 42 73
	52 43 37
	52 44 67
	52 45 81
	52 46 4
	52 47 78
	52 48 63
	52 49 94
	52 50 5
	52 51 18
	52 52 0
	52 53 64
	52 54 2
	52 55 93
	52 56 65
	52 57 92
	52 58 17
	52 59 41
	52 60 40
	53 1 72
	53 2 48
	53 3 64
	53 4 76
	53 5 6
	53 6 10
	53 7 33
	53 8 10
	53 9 18
	53 10 29
	53 11 6
	53 12 54
	53 13 19
	53 14 0
	53 15 75
	53 16 49
	53 17 1
	53 18 14
	53 19 59
	53 20 74
	53 21 76
	53 22 61
	53 23 80
	53 24 79
	53 25 40
	53 26 85
	53 27 76
	53 28 26
	53 29 34
	53 30 56
	53 31 57
	53 32 43
	53 33 58
	53 34 99
	53 35 72
	53 36 89
	53 37 3
	53 38 85
	53 39 69
	53 40 70
	53 41 54
	53 42 7
	53 43 18
	53 44 9
	53 45 49
	53 46 96
	53 47 46
	53 48 46
	53 49 14
	53 50 43
	53 51 19
	53 52 64
	53 53 0
	53 54 74
	53 55 99
	53 56 91
	53 57 96
	53 58 55
	53 59 9
	53 60 33
	54 1 24
	54 2 52
	54 3 38
	54 4 31
	54 5 14
	54 6 41
	54 7 85
	54 8 86
	54 9 2
	54 10 15
	54 11 92
	54 12 40
	54 13 33
	54 14 62
	54 15 60
	54 16 73
	54 17 98
	54 18 10
	54 19 28
	54 20 21
	54 21 22
	54 22 33
	54 23 94
	54 24 43
	54 25 25
	54 26 69
	54 27 8
	54 28 16
	54 29 68
	54 30 77
	54 31 41
	54 32 54
	54 33 32
	54 34 36
	54 35 13
	54 36 34
	54 37 74
	54 38 10
	54 39 7
	54 40 42
	54 41 11
	54 42 57
	54 43 47
	54 44 21
	54 45 87
	54 46 63
	54 47 19
	54 48 37
	54 49 83
	54 50 69
	54 51 59
	54 52 2
	54 53 74
	54 54 0
	54 55 32
	54 56 36
	54 57 11
	54 58 83
	54 59 25
	54 60 23
	55 1 87
	55 2 24
	55 3 1
	55 4 0
	55 5 88
	55 6 3
	55 7 63
	55 8 7
	55 9 78
	55 10 16
	55 11 75
	55 12 98
	55 13 4
	55 14 53
	55 15 53
	55 16 87
	55 17 16
	55 18 49
	55 19 29
	55 20 87
	55 21 58
	55 22 26
	55 23 47
	55 24 61
	55 25 33
	55 26 68
	55 27 26
	55 28 54
	55 29 79
	55 30 1
	55 31 42
	55 32 95
	55 33 99
	55 34 71
	55 35 20
	55 36 69
	55 37 3
	55 38 42
	55 39 31
	55 40 60
	55 41 83
	55 42 55
	55 43 72
	55 44 35
	55 45 79
	55 46 58
	55 47 45
	55 48 64
	55 49 36
	55 50 38
	55 51 51
	55 52 93
	55 53 99
	55 54 32
	55 55 0
	55 56 25
	55 57 32
	55 58 18
	55 59 99
	55 60 10
	56 1 34
	56 2 3
	56 3 46
	56 4 1
	56 5 85
	56 6 28
	56 7 49
	56 8 45
	56 9 88
	56 10 82
	56 11 43
	56 12 86
	56 13 41
	56 14 30
	56 15 55
	56 16 67
	56 17 84
	56 18 75
	56 19 12
	56 20 45
	56 21 65
	56 22 69
	56 23 85
	56 24 92
	56 25 7
	56 26 16
	56 27 3
	56 28 38
	56 29 93
	56 30 19
	56 31 56
	56 32 23
	56 33 50
	56 34 55
	56 35 37
	56 36 0
	56 37 0
	56 38 77
	56 39 71
	56 40 49
	56 41 10
	56 42 65
	56 43 13
	56 44 72
	56 45 50
	56 46 20
	56 47 34
	56 48 31
	56 49 41
	56 50 62
	56 51 63
	56 52 65
	56 53 91
	56 54 36
	56 55 25
	56 56 0
	56 57 43
	56 58 66
	56 59 61
	56 60 19
	57 1 41
	57 2 63
	57 3 28
	57 4 56
	57 5 1
	57 6 33
	57 7 74
	57 8 32
	57 9 71
	57 10 21
	57 11 28
	57 12 25
	57 13 12
	57 14 68
	57 15 2
	57 16 2
	57 17 93
	57 18 28
	57 19 28
	57 20 55
	57 21 19
	57 22 68
	57 23 63
	57 24 20
	57 25 1
	57 26 32
	57 27 46
	57 28 79
	57 29 53
	57 30 7
	57 31 39
	57 32 58
	57 33 12
	57 34 48
	57 35 33
	57 36 1
	57 37 11
	57 38 91
	57 39 66
	57 40 35
	57 41 64
	57 42 34
	57 43 67
	57 44 51
	57 45 88
	57 46 1
	57 47 1
	57 48 42
	57 49 58
	57 50 97
	57 51 22
	57 52 92
	57 53 96
	57 54 11
	57 55 32
	57 56 43
	57 57 0
	57 58 26
	57 59 62
	57 60 66
	58 1 93
	58 2 0
	58 3 95
	58 4 33
	58 5 84
	58 6 23
	58 7 0
	58 8 90
	58 9 12
	58 10 6
	58 11 89
	58 12 3
	58 13 78
	58 14 9
	58 15 11
	58 16 97
	58 17 67
	58 18 16
	58 19 69
	58 20 46
	58 21 6
	58 22 99
	58 23 40
	58 24 56
	58 25 58
	58 26 45
	58 27 1
	58 28 91
	58 29 88
	58 30 44
	58 31 14
	58 32 17
	58 33 12
	58 34 67
	58 35 82
	58 36 73
	58 37 90
	58 38 62
	58 39 71
	58 40 5
	58 41 35
	58 42 33
	58 43 24
	58 44 64
	58 45 81
	58 46 9
	58 47 95
	58 48 33
	58 49 8
	58 50 9
	58 51 63
	58 52 17
	58 53 55
	58 54 83
	58 55 18
	58 56 66
	58 57 26
	58 58 0
	58 59 37
	58 60 46
	59 1 46
	59 2 99
	59 3 38
	59 4 34
	59 5 95
	59 6 9
	59 7 69
	59 8 59
	59 9 28
	59 10 68
	59 11 67
	59 12 5
	59 13 56
	59 14 70
	59 15 53
	59 16 85
	59 17 14
	59 18 16
	59 19 24
	59 20 45
	59 21 13
	59 22 54
	59 23 62
	59 24 50
	59 25 52
	59 26 92
	59 27 57
	59 28 39
	59 29 55
	59 30 51
	59 31 33
	59 32 22
	59 33 22
	59 34 18
	59 35 68
	59 36 50
	59 37 17
	59 38 69
	59 39 81
	59 40 2
	59 41 47
	59 42 73
	59 43 95
	59 44 43
	59 45 49
	59 46 27
	59 47 60
	59 48 0
	59 49 85
	59 50 81
	59 51 1
	59 52 41
	59 53 9
	59 54 25
	59 55 99
	59 56 61
	59 57 62
	59 58 37
	59 59 0
	59 60 6
	60 1 73
	60 2 27
	60 3 20
	60 4 67
	60 5 72
	60 6 72
	60 7 39
	60 8 23
	60 9 14
	60 10 28
	60 11 97
	60 12 32
	60 13 98
	60 14 69
	60 15 98
	60 16 56
	60 17 33
	60 18 67
	60 19 22
	60 20 99
	60 21 72
	60 22 18
	60 23 98
	60 24 46
	60 25 84
	60 26 32
	60 27 89
	60 28 73
	60 29 59
	60 30 33
	60 31 31
	60 32 41
	60 33 92
	60 34 77
	60 35 86
	60 36 3
	60 37 24
	60 38 15
	60 39 56
	60 40 37
	60 41 70
	60 42 77
	60 43 66
	60 44 7
	60 45 3
	60 46 88
	60 47 79
	60 48 71
	60 49 26
	60 50 57
	60 51 23
	60 52 40
	60 53 33
	60 54 23
	60 55 10
	60 56 19
	60 57 66
	60 58 46
	60 59 6
	60 60 0
;

end;